[gd_scene load_steps=5 format=3 uid="uid://btndgg06luwpu"]

[ext_resource type="Script" uid="uid://baxarjpvjlu56" path="res://character_movement.gd" id="1_a202f"]

[sub_resource type="CapsuleShape3D" id="CapsuleShape3D_4xowi"]

[sub_resource type="StandardMaterial3D" id="StandardMaterial3D_4xowi"]
albedo_color = Color(0.458824, 0, 1, 1)
metallic = 0.76

[sub_resource type="Environment" id="Environment_a202f"]

[node name="Node3D" type="Node3D"]

[node name="CharacterBody3D" type="CharacterBody3D" parent="."]
collision_layer = 2
script = ExtResource("1_a202f")

[node name="CollisionShape3D" type="CollisionShape3D" parent="CharacterBody3D"]
transform = Transform3D(1, 0, 0, 0, 1, 0, 0, 0, 1, 0, 1, 0)
shape = SubResource("CapsuleShape3D_4xowi")

[node name="CSGSphere3D" type="CSGSphere3D" parent="CharacterBody3D"]
transform = Transform3D(1.15308, 0, 0, 0, 2.43133, 0, 0, 0, 1, 0, 0.978242, 0)
material = SubResource("StandardMaterial3D_4xowi")

[node name="SpringArm3D" type="SpringArm3D" parent="CharacterBody3D"]
transform = Transform3D(1, 0, 0, 0, 1, 0, 0, 0, 1, 0, 2.5, 0)
spring_length = 5.0
margin = 0.1

[node name="Camera3D" type="Camera3D" parent="CharacterBody3D/SpringArm3D"]
transform = Transform3D(1, 0.00035745, -0.000831467, 2.74558e-05, 0.906297, 0.422641, 0.00090463, -0.422641, 0.906297, -0.35437, 0.760405, 1.12426)

[node name="DirectionalLight3D" type="DirectionalLight3D" parent="."]
transform = Transform3D(1, 0, 0, 0, 0.901833, 0.432086, 0, -0.432086, 0.901833, 0, 18.5455, 23.5764)

[node name="WorldEnvironment" type="WorldEnvironment" parent="."]
environment = SubResource("Environment_a202f")

[node name="Level Base" type="Node" parent="."]

[node name="CSGCombiner3D" type="CSGCombiner3D" parent="Level Base"]
use_collision = true
collision_layer = 3

[node name="CSGBox3D" type="CSGBox3D" parent="Level Base/CSGCombiner3D"]
transform = Transform3D(7.06073, 0, 0, 0, 0.727128, 0, 0, 0, 6.56727, -0.0349628, -0.879357, -0.0664331)
size = Vector3(1, 1, 1.74731)

[node name="CSGBox3D2" type="CSGBox3D" parent="Level Base/CSGCombiner3D"]
transform = Transform3D(0.828635, 0, 0, 0, 1.3525, 0, 0, 0, 6.56727, 3.56992, -0.0323018, -0.0664331)
size = Vector3(1, 1, 1.74731)

[node name="CSGBox3D3" type="CSGBox3D" parent="Level Base/CSGCombiner3D"]
transform = Transform3D(0.0972472, 0, 0, 0, 2.51572, 0, 0, 0, 6.56727, -3.52111, 0.725676, -0.0414151)
size = Vector3(1, 1, 1.74731)

[node name="CSGBox3D4" type="CSGBox3D" parent="Level Base/CSGCombiner3D"]
transform = Transform3D(7.93144, 0, -4.39693e-08, 0, 1.78622, 0, 1.11391e-06, 0, 0.270844, -0.386021, -0.244757, 5.44802)
size = Vector3(1, 1, 1.74731)

[node name="CSGBox3D5" type="CSGBox3D" parent="Level Base/CSGCombiner3D"]
transform = Transform3D(1, 0, 0, 0, 1, 0, 0, 0, 1, -2.65051, 2.37886, 5.44863)
size = Vector3(2.96777, 3.72816, 0.466797)

[node name="CSGBox3D6" type="CSGBox3D" parent="Level Base/CSGCombiner3D"]
transform = Transform3D(0.999996, -0.00234448, -0.0018622, 0.0023452, 0.999997, 0.000388354, 0.00186129, -0.000392692, 0.999998, 2.50493, 2.34975, 5.4589)
size = Vector3(2.90442, 3.79141, 0.466797)

[node name="CSGBox3D7" type="CSGBox3D" parent="Level Base/CSGCombiner3D"]
transform = Transform3D(1, 0, -1.45239e-07, 0, 1, 0, 1.45239e-07, 0, 1, -0.152451, 0, 7.08247)
size = Vector3(6.21872, 1, 2.8761)

[node name="CSGBox3D8" type="CSGBox3D" parent="Level Base/CSGCombiner3D"]
transform = Transform3D(1, 0, 0, 0, 1, 0, 0, 0, 1, 3.42296, 1.85567, 7.09425)
size = Vector3(1, 4.76181, 2.9292)

[node name="CSGBox3D9" type="CSGBox3D" parent="Level Base/CSGCombiner3D"]
transform = Transform3D(1, 0, 0, 0, 1, 0, 0, 0, 1, -3.64933, 1.85567, 7.09425)
size = Vector3(1, 4.76181, 2.9292)

[node name="CSGBox3D10" type="CSGBox3D" parent="Level Base/CSGCombiner3D"]
transform = Transform3D(-0.0162483, 0, 0.999868, 0, 1, 0, -0.999868, 0, -0.0162483, -0.102151, 1.85567, 8.9882)
size = Vector3(1, 4.76181, 7.95435)

[node name="CSGBox3D11" type="CSGBox3D" parent="Level Base/CSGCombiner3D"]
transform = Transform3D(1, 0, -2.90477e-07, 0, 1, 0, 2.90477e-07, 0, 1, -0.152451, 3.73652, 6.87397)
size = Vector3(6.21872, 1.00928, 3.29311)
